045906377813
045906337613
045906378440
045906376763
045906350996
045906376867
045906329314
045906379209
045906361216
045906379414
045906333621
045906658102
045906360136
045906659534
045906360139
045906636817
045906360142
045906372355
045906360145
045906322409
045906239289
045906090181
045906279760
045906279814
045906279817
045906279853
045906279889
045906279901
045906279944
045906444190
045906167420
045906203404
045906156797
045906114156
045906127258
045906109183
045906136379
045906102129
045906135705
045906135695
045906433485
045906304531
045906031604
045906031628
045906031622
045906029702
045906030919
045906030134
045906030131
045906161865
848608
848616
993392-6
750164-65
990431-35
848612
753771-72
678617-25
685869
685868
045906654422
045906535134
045906358833
045906369659
045906354206
045906340188
045906340191
045906340194
045906340205
045906340202
045906279950
045906279965
045906059984
045906407705
045906508440
045906265782
045906272463
045906272469
045906632691
045906507582
045906058001
045906403815
045906424560
045906408525
045906413255
045906087749
045906069262
045906084034
045906196736
045906208763
045906441725
045906016748
045906002496
1039570-2
1044368-70
1044998-5000
1040269-71
1039719-21
1044482-84
1044904-6
045906433485
045906304531
045906031604
045906031628
045906031622
045906029702
045906030919
045906030134
045906030131
045906161865
045906058001
045906403815
045906424560
045906408525
045906413255
045906087749
045906069262
045906084034
045906196736
045906208763
045906378256
045906658657
045906658759
045906630149
045906634032
045906634113
045906633008
045906366620
045906615443
045906632620
